 if (z%26 + params[1]) != w
   z = (z/params[0])*26 + w + params[2];
 else
    z = z/params[0]

    [0] [1] [2]    cond
A    1  11   8     8              9    5
B    1  14  13     8,13           2    1
C    1  10   2     8,13,2         7    1
D   26   0   7     8,13     2+0   9    3
E    1  12  11     8,13,11        3    1
F    1  12   4     8,13,11,4      9    6
G    1  12  13     8,13,11,4,13   4    1
H   26  -8  13     8,13,11,4 5    9    6
I   26  -9  10     8,13,11  -5    4    1
J    1  11   1     8,13,11,1      8    1
K   26   0   2     8,13,11    1   9    2
L   26  -5  14     8,13   6       9    7
M   26  -6   6     8      7       9    8
N   26  -12 14            -4      5    1



92793949489995

51131616112781